Age
100
1 0
2 1
3 2
4 3
5 4
6 5
7 6
8 7
9 8
10 9
11 10
12 11
13 12
14 13
15 14
16 15
17 16
18 17
19 18
20 19
21 20
22 21
23 22
24 23
25 24
26 25
27 26
28 27
29 28
30 29
31 30
32 31
33 32
34 33
35 34
36 35
37 36
38 37
39 38
40 39
41 40
42 41
43 42
44 43
45 44
46 45
47 46
48 47
49 48
50 49
51 48
52 47
53 46
54 45
55 44
56 43
57 42
58 41
59 40
60 39
61 38
62 37
63 36
64 35
65 34
66 33
67 32
68 31
69 30
70 29
71 28
72 27
73 26
74 25
75 24
76 23
77 22
78 21
79 20
80 19
81 18
82 17
83 16
84 15
85 14
86 13
87 12
88 11
89 10
90 9
91 8
92 7
93 6
94 5
95 4
96 3
97 2
98 1
99 0
100 0
Eye color
3
Blue 10
Green 30
Brown 150
Hair color
2
Light 50
Dark 70
Skin color
2
Light 80
Dark 10

